# Fix print output for fix output
5000 3.15236277189239 370 -0.060881181835856 1157.76663880485 312.098843905402 0
10000 1.70406941596801 483 0.0892326000084175 1021.41158048277 279.286873628743 0
15000 1.44948197286796 592 -9.90537616586305 739.295787817919 181.824591885644 0
20000 1.26924593347453 679 -41.1339112409159 471.62906537273 214.852553235478 0
25000 1.25996538618179 760 -89.8209259559318 63.3564497587396 181.308749516487 0
30000 1.35206762508431 865 -234.274326340731 -350.769607894646 170.192900686105 0
35000 1.27191522829782 962 -315.665974345168 -650.297825367518 190.051912649903 0
40000 1.28989260571833 1013 -473.400455289048 -928.906506195623 155.11547715298 0
45000 1.31679955457503 1072 -798.665620433116 -1139.1357610296 137.974117874145 0
50000 1.27032150635603 1110 -1164.75149338076 -1284.00851037951 155.223962170956 0
55000 1.30027362316647 1148 -1666.63695245255 -1478.82021797758 174.38959199057 0
60000 1.35840181864788 1201 -2229.92294614619 -1657.39255139606 195.898554772169 0
65000 1.38555968650117 1221 -2740.64668205981 -1766.7243725472 156.485110962315 0
70000 1.35924751309814 1253 -3134.61867010879 -1981.53566836963 173.020106919887 0
75000 1.33468119172253 1282 -3591.12541133583 -2276.76059760626 169.149306271801 0
80000 1.34136390929972 1363 -4264.94603902236 -2556.0027419544 167.08530492494 0
85000 1.2631847203404 1394 -4824.67279230333 -2564.51485921978 155.784616251729 0
90000 1.27474528177584 1435 -5369.78778159622 -2880.4236982765 169.52828887935 0
95000 1.2422010516137 1457 -5760.11154106314 -3020.58176442202 172.995136417877 0
100000 1.1825186133609 1492 -6062.13158283036 -3089.54778692375 147.96728965783 0
105000 1.18449810003273 1507 -6263.97134170359 -3080.01698800732 152.638772652582 0
110000 1.15142800074983 1516 -6573.91245352198 -3236.08962327644 147.814033265403 0
115000 1.11158617543367 1537 -6860.28960042719 -3277.76339081818 123.654600498469 0
120000 1.11607587616201 1527 -7088.59170240452 -3328.92460271904 131.725427957553 0
125000 1.13464726174155 1549 -7240.91471010375 -3271.45303707405 138.298127582605 0
130000 1.10983196558373 1563 -7213.37456229191 -3334.24977607777 141.479081400579 0
135000 1.09257392863916 1581 -7444.65026013345 -3388.03721901035 119.198343505619 0
140000 1.05647047857619 1561 -7512.3702747941 -3358.48093320847 139.810071140572 0
145000 1.05550845487042 1582 -7611.42023267804 -3380.3627307931 101.404149453502 0
150000 1.03983304620172 1577 -7836.58481279151 -3326.37443698181 132.249672425467 0
155000 1.03782733772756 1585 -7811.3221640745 -3362.76042236836 98.418309459802 0
160000 1.05740655861457 1597 -8004.26302414324 -3388.22548939104 135.723323445546 0
165000 1.04093217935903 1614 -8013.8191150798 -3280.40510670832 128.388015061436 0
170000 1.0075177809081 1595 -8031.22586259598 -3330.47583654556 116.164058403177 0
175000 1.0221360640455 1607 -8087.07751043323 -3369.67854605055 98.3497725981383 0
180000 1.00211166921068 1624 -8060.05942684826 -3342.11361645506 134.473372859464 0
185000 0.982585380968585 1653 -8077.10852687457 -3303.99416003686 125.440763028093 0
190000 0.999443113871515 1640 -8049.7044149609 -3394.08868203045 120.464498429709 0
195000 1.04158028293406 1610 -8077.79268935483 -3410.01491761841 115.007733994572 0
200000 1.07244740204239 1637 -8301.65424169099 -3281.11658257437 110.867521404573 0
205000 1.03660913693835 1648 -8171.49592416782 -3305.23358465417 110.311119701643 0
210000 0.989921571632099 1632 -8121.83992232428 -3326.30343456672 133.146069281422 0
215000 1.00219775275927 1635 -8191.77123302891 -3288.36562135518 115.177123878251 0
220000 1.00325654237845 1653 -8197.70086183601 -3289.92472937568 115.954847471687 0
225000 1.02007062652677 1661 -8288.81748803329 -3274.34810541816 116.647033788218 0
230000 1.00922519638563 1672 -8208.92601303566 -3266.45685014123 123.501164533459 0
235000 1.04134102303254 1662 -8392.77175392259 -3267.42673730185 119.304495050761 0
240000 0.995439741627812 1638 -8271.29911328035 -3339.81887067382 115.719054054436 0
245000 1.0239018318366 1605 -8437.59094835825 -3247.00145359884 123.928854138098 0
250000 1.01809929446518 1580 -8300.0387525496 -3334.50003407432 103.245499083881 0
255000 1.0097774351616 1590 -8242.11368884762 -3311.10763305872 111.443945589101 0
260000 1.02318737412814 1605 -8258.78493215666 -3367.52167095594 143.602545483773 0
265000 1.03584561392381 1599 -8282.05210583167 -3335.47714521552 131.062867608994 0
270000 0.987490180464752 1598 -8241.09051050754 -3363.3056625953 123.80128279816 0
275000 0.992441636221918 1606 -8213.60677393388 -3367.30327642098 109.403750653227 0
280000 1.01154528759328 1599 -8322.86853461862 -3342.93310484648 104.347328190766 0
285000 1.00077308617202 1626 -8274.20981461871 -3284.78168040864 122.344388961731 0
290000 1.01480478921194 1631 -8267.19688051948 -3337.08718560116 118.47101805679 0
295000 1.00314412480618 1630 -8287.69607248339 -3323.56544172314 118.388149463177 0
300000 0.996047634521805 1644 -8355.17255716578 -3269.29382698249 129.269280018738 0
305000 0.987752098216306 1618 -8325.14116831756 -3308.6101614698 127.473547941586 0
310000 0.986660904473174 1609 -8332.38961623635 -3340.30184589498 107.126191854697 0
315000 0.945062736697404 1631 -8352.07938219755 -3325.9267240182 107.516456210991 0
320000 0.982809450485351 1657 -8362.37166364096 -3309.80281403426 105.200779507196 0
325000 1.00153867828026 1656 -8369.05389897065 -3332.37035436135 132.767802282912 0
330000 0.994777759657976 1652 -8408.76212137448 -3339.12891990396 107.161746142544 0
335000 0.977967199403541 1675 -8426.30137291123 -3310.56561796522 112.142070636293 0
340000 0.998345566841863 1653 -8421.39984417716 -3324.60761228794 111.163234807749 0
345000 1.00304300723552 1676 -8435.73530256791 -3328.8957881309 124.60210857204 0
350000 1.02382099286005 1673 -8506.45213478552 -3253.19425704681 106.114903601182 0
355000 0.978481275745113 1664 -8421.37242784404 -3407.26040066927 126.611264760659 0
360000 0.987230036388368 1663 -8583.43824541211 -3264.6896910601 104.705722528219 0
365000 0.982042962290721 1672 -8569.10848106459 -3330.44211129243 104.908713856527 0
370000 0.998717240241988 1671 -8532.71824830237 -3265.37261497486 96.4491624320287 0
375000 1.04839778087487 1668 -8611.69543804094 -3309.93524853116 120.93268481204 0
380000 1.03578894577254 1666 -8530.55088274436 -3323.09328160692 121.05957775357 0
385000 0.996440228691754 1637 -8623.54794575308 -3307.63310193894 133.999772682908 0
390000 1.00414026896671 1646 -8516.11825170273 -3320.53700675166 124.633707198539 0
395000 0.998522530286454 1650 -8437.16041929193 -3334.32461734226 107.803167091254 0
400000 1.0010259477002 1647 -8513.16765011304 -3328.8549427396 96.0763134209089 0
405000 0.951345588755049 1651 -8434.66680600316 -3317.93979574851 124.669413146724 0
410000 1.0399389020103 1655 -8428.35597902667 -3292.00058457322 109.331131713685 0
415000 1.00920820471598 1634 -8493.60441023674 -3313.34558577269 128.346376362421 0
420000 1.00190866500242 1622 -8500.0916788744 -3316.25011778485 107.734693483916 0
425000 0.996968646541837 1631 -8461.8351922585 -3350.78409335605 106.307039742617 0
430000 0.979315599099773 1649 -8488.05148992745 -3356.62802837468 120.477439687998 0
435000 0.994236694695104 1637 -8512.00883157618 -3315.67772372682 91.9552110753241 0
440000 0.988717759919049 1609 -8462.70784927585 -3395.05606265739 112.954079215931 0
445000 1.0404620041253 1622 -8445.25489886517 -3329.12214677585 119.828310812298 0
450000 1.01615261797542 1640 -8418.22025019757 -3353.29013655093 134.241620616992 0
455000 0.999062633614067 1638 -8407.66403537283 -3303.8540708302 109.515162689505 0
460000 0.980777320186341 1635 -8420.97089814427 -3313.34585436861 121.776815869443 0
465000 0.98570633138946 1641 -8410.42780346344 -3354.57392186363 103.866699794712 0
470000 1.00716213161856 1658 -8406.69774111139 -3369.14919762716 141.412027965228 0
475000 1.02092907516694 1660 -8343.86019878149 -3278.4620817743 92.9793186441917 0
480000 0.994570609342401 1651 -8355.86699671952 -3326.87086183282 122.78568471625 0
485000 1.01267987248891 1654 -8387.18687291585 -3317.12900523109 109.834489813806 0
490000 0.991424973002772 1624 -8346.11580411618 -3389.10427975643 117.867076914735 0
495000 1.02808002170731 1606 -8389.43901623252 -3334.6404982466 119.833185847781 0
500000 1.03380931747264 1600 -8389.06017713997 -3355.28653803641 112.842647559969 0
505000 1.02842267405828 1619 -8380.48535979686 -3344.44720982317 145.311289774168 0
510000 1.00669254341513 1642 -8405.14160703943 -3277.95921787393 117.726010808734 0
515000 0.999975026722897 1659 -8404.69458524058 -3347.24368765235 130.357391848962 0
520000 1.01395686093348 1661 -8388.92870954348 -3345.36932766869 112.277649556683 0
525000 0.993362985619067 1648 -8485.44139054962 -3310.50796143004 112.351155315333 0
530000 0.996395209388542 1633 -8528.08649175168 -3300.15775612068 101.54218832663 0
535000 0.967462458601244 1647 -8425.72307976075 -3361.78584632538 87.1961992671546 0
540000 0.977408524067628 1647 -8435.14465942912 -3341.23855593892 101.697888293633 0
545000 1.01094232538804 1643 -8418.90423820407 -3313.21462134464 108.553480872811 0
550000 0.983294729004457 1626 -8368.26831329903 -3306.91692028625 112.760003562871 0
555000 0.998331305156397 1630 -8467.29121195915 -3276.54655361658 121.917522526235 0
560000 0.978053425450301 1632 -8399.44085371704 -3336.50548770161 117.400120821469 0
565000 0.963056251988336 1623 -8511.57722208917 -3246.22293823783 130.044738720932 0
570000 0.990699133472807 1607 -8357.00082237696 -3367.26275140174 122.845610360122 0
575000 1.00548017760843 1597 -8407.80445203143 -3311.09577183381 119.087517138005 0
580000 1.01247282049591 1598 -8253.11679444683 -3359.02851680812 123.85281066424 0
585000 0.980226444921416 1570 -8321.9532723352 -3361.0681924285 117.918647177553 0
590000 1.00563998256122 1592 -8295.92826453758 -3338.34704518998 116.916816307133 0
595000 1.0094254296406 1599 -8429.4634895397 -3315.60236949163 134.890846987057 0
600000 1.00863739567461 1606 -8312.15949836229 -3292.4676599298 112.417671578998 0
605000 1.0238333707658 1616 -8331.1062691173 -3366.36052438171 136.207857063899 0
610000 1.01195936755563 1627 -8298.07337089116 -3360.6661957382 99.0001275529981 0
615000 0.990278832619309 1620 -8260.76142133165 -3323.40509730087 113.487082296155 0
620000 0.99656108429239 1631 -8307.45552656864 -3311.09454515686 130.122649340851 0
625000 1.01622139857191 1639 -8310.3834546808 -3348.25451755834 131.564423612263 0
630000 1.02278366723439 1641 -8337.14212128552 -3309.77086422026 117.417493454403 0
635000 1.02550085579874 1654 -8286.29606836515 -3320.76878310868 116.159921167954 0
640000 1.03662084294107 1614 -8319.07666987962 -3287.69956977405 114.853807634738 0
645000 1.00638199297089 1620 -8259.30683073672 -3318.38513637805 127.983066076589 0
650000 0.981600682935343 1600 -8162.1355802101 -3359.01079627537 99.9816396441702 0
655000 1.0013894969221 1602 -8315.67637053078 -3342.23169251056 107.872029649692 0
660000 0.997312618025462 1595 -8223.17176582041 -3340.73457710395 89.5407317875181 0
665000 0.992473984879953 1611 -8251.84066877022 -3333.24661892074 114.258381484933 0
670000 0.987532146871777 1619 -8297.37615271387 -3267.14029147003 117.835486984753 0
675000 0.991861043202999 1623 -8233.29941283731 -3357.78114132282 114.891521863449 0
680000 1.01968148212688 1633 -8357.82185010849 -3300.4348250023 123.896886938661 0
685000 0.98083179814552 1633 -8349.46736628054 -3207.75006967537 116.719435946358 0
690000 1.01323091228397 1615 -8346.66465751666 -3355.65987844905 114.112304071875 0
695000 0.973452504238396 1599 -8332.11387305759 -3303.69754325435 120.273833687891 0
700000 0.972211851708946 1580 -8418.37507095395 -3282.42513203591 132.89544214627 0
705000 1.00562557456089 1544 -8337.85115739528 -3348.00062117038 126.051805642668 0
710000 0.992405200306385 1585 -8455.97100588055 -3274.52715917499 122.251001264011 0
715000 0.970480614669317 1607 -8405.90553312744 -3256.85102915013 92.912459166997 0
720000 1.02248421071326 1626 -8375.57129302306 -3325.84637115436 114.154039953456 0
725000 1.00246241056303 1627 -8430.27071826302 -3306.17530054789 128.05627749964 0
730000 1.02688027788077 1635 -8479.55638208401 -3302.64481754866 116.065866427165 0
735000 0.995809061807245 1616 -8494.4974075113 -3280.9970178344 121.526331862685 0
740000 0.993595055238975 1662 -8561.80766698288 -3248.67313213518 125.501296669775 0
745000 0.98552175989054 1666 -8430.25339098044 -3277.2841775309 106.506201615229 0
750000 0.998667407927994 1683 -8455.53923004282 -3295.33115205977 111.182540378592 0
755000 0.986136716034308 1675 -8480.77033292983 -3285.88429453867 100.841600610891 0
760000 0.988873364301904 1660 -8427.49070521026 -3276.52207662952 109.665891624028 0
765000 1.00048794652216 1645 -8321.69445615957 -3366.64288516799 120.255783229998 0
770000 1.02233674556845 1606 -8382.40254252128 -3323.87138803492 110.400796934521 0
775000 1.03198420013261 1636 -8355.29944260348 -3366.14369533091 129.058253683411 0
780000 1.01478961026022 1624 -8325.50422842407 -3258.01020000936 102.326256189552 0
785000 1.00323903338185 1621 -8390.73801538804 -3274.2419920267 112.411711208189 0
790000 1.00061975792523 1620 -8388.30613234376 -3277.19492372966 110.579995365089 0
795000 0.978351145197194 1607 -8340.69861704226 -3308.31655914411 106.04002332796 0
800000 1.01736266348426 1601 -8395.83943102557 -3329.14924997907 115.019281074504 0
805000 1.03378051464965 1622 -8336.55764041183 -3363.45553850307 115.641366697216 0
810000 1.00086637413876 1590 -8433.28586877257 -3357.56670449292 107.513500555207 0
815000 1.0038810831042 1638 -8515.12783413505 -3281.32287450332 113.008767067256 0
820000 0.981526231653695 1658 -8529.82741697 -3213.99305204112 113.732432507116 0
825000 0.969874763170388 1667 -8552.09516741955 -3268.96026690739 114.098229831756 0
830000 0.962947293023503 1635 -8565.32949114736 -3277.23672412185 107.580985058164 0
835000 1.01221806584639 1629 -8636.15945652413 -3258.88876367502 127.123931935983 0
840000 1.03852193641451 1659 -8535.87102054433 -3315.65397260033 115.640967118611 0
845000 1.01458639698252 1644 -8544.52038567795 -3286.20778355306 130.285138978256 0
850000 1.03875172102358 1642 -8570.46087206597 -3310.99755447879 119.703448531199 0
855000 1.03577312298279 1647 -8582.57643416547 -3278.36475235881 120.309794374745 0
860000 1.02647095858527 1657 -8468.76790542783 -3272.31334962179 116.227198930328 0
865000 1.00119191287303 1638 -8483.05517364353 -3356.54372306107 108.168573210346 0
870000 0.994111558938057 1646 -8486.44682955265 -3310.70041391628 119.614278741458 0
875000 0.996237056492704 1623 -8359.47492985015 -3354.69725669712 111.442727500687 0
880000 0.990758739288487 1626 -8510.28588867832 -3306.38510071883 102.325587412171 0
885000 0.98644841636508 1664 -8505.15588751362 -3296.2691780463 116.972182744037 0
890000 0.987352254232549 1681 -8472.43666236812 -3272.0983729172 102.334982988321 0
895000 0.996515083549881 1664 -8508.95744729078 -3257.23347731125 126.765195220223 0
900000 0.965109839277593 1682 -8388.09736733244 -3362.58521516759 131.853421359238 0
905000 1.03284003372719 1678 -8521.33440928806 -3308.7459293008 98.9766501590467 0
910000 1.01502980235976 1691 -8429.75690714503 -3326.07602105329 104.97335659124 0
915000 0.974402612362871 1678 -8524.52669285509 -3210.69154613233 134.667980385032 0
920000 1.06466174546227 1700 -8503.9302790169 -3231.41193055611 94.0498274286677 0
925000 0.990194175374801 1715 -8351.3795112643 -3255.16125522324 102.164091674952 0
930000 1.02781509642667 1690 -8462.20477659545 -3273.93349486415 106.616736362156 0
935000 0.989618044585618 1710 -8383.09452467812 -3284.7674148257 114.555099910162 0
940000 1.01729385557826 1695 -8376.75871963669 -3248.18873590972 100.642491399209 0
945000 1.00733526257203 1674 -8399.82669381173 -3330.6714776262 132.010234906795 0
950000 1.00732692193241 1649 -8381.09975421001 -3303.47974832701 120.485517938573 0
955000 1.0252839720628 1646 -8462.57213050153 -3297.79935663695 110.470639330448 0
960000 0.981205633814805 1612 -8330.20570809444 -3320.00464584194 123.220645739039 0
965000 1.02521975098161 1605 -8424.26717928126 -3310.99098903726 101.127750339828 0
970000 0.998782582161588 1611 -8433.105153984 -3295.77044181385 96.1098871500756 0
975000 0.997213580515036 1599 -8381.55825747539 -3334.09920157264 112.254847887773 0
980000 1.00727315687304 1642 -8250.41819942666 -3351.63439530406 106.795249518598 0
985000 1.00441836103638 1640 -8365.08372738897 -3276.98217460402 128.941156630621 0
990000 1.01774034283417 1627 -8336.48696923594 -3314.45619948689 97.5345953654067 0
995000 1.00585114352521 1647 -8429.28069412331 -3319.01209997749 136.712105688199 0
1000000 1.02790675952532 1631 -8452.29792855276 -3285.834469711 120.605472107768 0
1005000 1.05041286476299 1619 -8516.28379381504 -3329.5113821345 110.852906688588 0
1010000 1.02921921512929 1655 -8389.76503935012 -3314.15281902531 110.332374731647 0
1015000 1.00749809153754 1672 -8508.2835065226 -3221.77962886432 99.8642609672393 0
1020000 0.999011870300904 1675 -8379.92522091623 -3289.22750359911 115.455437590061 0
1025000 1.01389562784537 1670 -8462.67957748538 -3263.76824569721 110.715965786317 0
1030000 0.970843728530146 1677 -8445.09769741793 -3254.63823202565 103.453702973635 0
1035000 0.989423110925535 1669 -8408.34728372071 -3272.49816715097 103.809315057563 0
1040000 1.0035550226446 1667 -8510.51637807083 -3278.48734502995 115.525022859128 0
1045000 0.998166188646647 1661 -8471.40481163049 -3286.5921084061 122.990315890111 0
1050000 0.994324684596061 1679 -8439.30638723952 -3252.48759786961 106.430899610784 0
1055000 1.00310577710322 1664 -8432.06276538805 -3266.67106772164 100.566654462323 0
1060000 0.997962337766279 1677 -8670.76658871728 -3292.74556806557 118.875283134393 0
1065000 1.01666969601701 1674 -8610.47906534712 -3226.60188030817 129.999915264622 0
1070000 0.993714756931824 1675 -8428.07305097189 -3276.68568183048 109.018236341731 0
1075000 1.03327923776178 1682 -8424.60200648845 -3314.66403548227 124.124933868807 0
1080000 0.994151355687168 1654 -8448.47410485771 -3254.48623927323 103.328051295204 0
1085000 1.02614229463561 1636 -8454.67755495689 -3250.64312909941 122.865007106772 0
1090000 1.00589417549026 1666 -8447.07657055579 -3255.25250123097 107.469764466644 0
1095000 0.998634023924802 1672 -8422.73240614575 -3296.47526256337 116.882860032048 0
1100000 1.02028253230967 1660 -8437.6775942715 -3270.49474272244 108.689268462737 0
1105000 1.04094173820254 1680 -8495.28016632552 -3213.40720792313 111.551574947418 0
1110000 1.02184686304421 1693 -8498.71837545188 -3252.79942057225 115.146209986083 0
1115000 0.992616161172973 1665 -8500.5248285042 -3264.43806759493 105.251311973668 0
1120000 1.01663485704254 1648 -8527.87595600239 -3282.80948877485 95.7245116051788 0
1125000 1.00241727775918 1614 -8444.18530373494 -3342.29119157032 104.45058994313 0
1130000 0.982397332719249 1607 -8522.63599091881 -3301.77349903395 105.802513867112 0
1135000 0.992218420235022 1618 -8423.82552369288 -3345.59965526871 115.992225562583 0
1140000 1.04341511939642 1644 -8459.9444552709 -3304.73745129017 97.8229648818515 0
1145000 1.02139420373778 1659 -8430.51002159637 -3319.34140950796 111.123146007274 0
1150000 0.997155669777401 1674 -8364.27376724591 -3314.11078139175 110.824241167358 0
1155000 0.98445513864021 1653 -8338.66216155832 -3349.75529675735 106.726785421714 0
1160000 0.991896441780476 1666 -8499.87152929924 -3250.90418903492 112.675424756187 0
1165000 0.98627661076372 1661 -8372.31588845896 -3313.82827285321 117.638099334084 0
1170000 0.992738223826645 1658 -8379.5325192691 -3282.37820081505 120.01336296752 0
1175000 0.975534039659972 1630 -8294.87322901532 -3321.4695468324 97.8778833618641 0
1180000 0.984822252756283 1629 -8338.98620692203 -3247.13532795651 102.923045014689 0
1185000 0.993841216299106 1635 -8301.99692549705 -3319.79445647576 132.540408370434 0
1190000 1.01621896609589 1662 -8321.21428891483 -3304.67800313844 104.583496135818 0
1195000 0.998286007256347 1661 -8291.54007356298 -3288.76978420178 129.63448478521 0
1200000 1.00048195860391 1654 -8352.18697462578 -3319.80239437015 100.854034788014 0
1205000 0.992900021669516 1644 -8386.51924300914 -3304.41562772477 110.203313450023 0
1210000 0.968027186244211 1642 -8271.62781227822 -3324.91242018916 126.362892494937 0
1215000 0.967469244918674 1682 -8282.29158939124 -3316.27476496456 97.8253109999048 0
1220000 1.00285447976657 1655 -8368.4854656308 -3294.12658455006 133.548448108896 0
1225000 1.00532322001048 1634 -8406.18653038228 -3319.64627826171 122.96740108684 0
1230000 0.968255429912812 1593 -8381.51226335016 -3317.76962382523 110.967970744948 0
1235000 0.98439994640116 1616 -8366.67430130075 -3267.49924856024 116.686342088548 0
1240000 1.00791793054167 1635 -8319.13699411012 -3353.32887754593 105.518866274356 0
1245000 0.990242849837151 1625 -8327.04831631033 -3346.30136699614 96.0998530267281 0
1250000 1.00047400059326 1620 -8439.68801319739 -3271.11891308926 106.631440689688 0
1255000 1.03655043562028 1649 -8374.81533422885 -3330.20952603062 98.6595212171718 0
1260000 1.0187336073661 1637 -8471.64426580831 -3298.4384223527 127.320215523042 0
1265000 1.02828739707545 1633 -8514.69372216787 -3296.7767994151 105.078470075985 0
1270000 0.990229798414373 1610 -8492.58248871767 -3283.35908602305 111.188057626892 0
1275000 0.973831179449184 1639 -8384.59520371759 -3316.47947683391 102.821880803143 0
1280000 1.02823334535778 1639 -8429.69129561104 -3316.3153008098 88.4570399270123 0
1285000 1.01511239188326 1649 -8447.98043985108 -3320.15434112603 128.482482884346 0
1290000 1.01778094769076 1651 -8417.00279500305 -3323.5709279778 119.12495891103 0
1295000 1.03439030830127 1645 -8414.30950530899 -3344.75825982243 122.696652348139 0
1300000 1.00431514297571 1662 -8320.60518030442 -3315.11223355903 126.103673636155 0
1305000 0.966106936250519 1662 -8308.41259732025 -3332.50609987249 120.731298272323 0
1310000 0.999142581838267 1672 -8440.61894111455 -3280.83690508692 119.174137067165 0
1315000 1.02152917141543 1678 -8371.10216488477 -3288.4372326162 135.053927893066 0
1320000 1.02055185107398 1655 -8383.81974596614 -3306.25942433879 104.582731689806 0
1325000 0.96846876894937 1641 -8276.03582807423 -3323.4026431157 122.297602445387 0
1330000 0.958810726517668 1635 -8396.03259576987 -3372.95128549043 139.407052111944 0
1335000 0.972702257751521 1653 -8400.30850800175 -3316.00047467954 116.954957702397 0
1340000 1.02821583966946 1658 -8432.66405256212 -3254.61738319213 117.493943224038 0
1345000 0.996327386278183 1667 -8479.33760848176 -3253.36047986408 120.978502618647 0
1350000 0.965221916753588 1629 -8404.36524183242 -3343.28390998313 116.425826355706 0
1355000 1.00033440111924 1634 -8401.65130270954 -3280.80568490083 107.301086491479 0
1360000 1.00667688755889 1613 -8515.70611156744 -3237.55600105081 109.135558160821 0
1365000 1.00982545014228 1605 -8409.24119734337 -3356.54145529206 131.793829202193 0
1370000 0.99670735191979 1619 -8433.07701581522 -3295.32897734403 115.508130080108 0
1375000 0.971963094154851 1633 -8320.17946964907 -3342.23811286257 122.339170282347 0
1380000 1.02522770221993 1637 -8368.4870836629 -3273.85397165822 120.583384412022 0
1385000 0.987087069540712 1611 -8410.77527855348 -3269.80060443089 125.20911000552 0
1390000 1.01631515406493 1632 -8399.02863259394 -3322.68347490976 102.004806611684 0
1395000 0.998334808637404 1630 -8324.08545459326 -3320.93238242399 127.306224153554 0
1400000 1.04853650443009 1669 -8355.55568175469 -3325.86889187693 114.518601836004 0
1405000 1.03111275014914 1665 -8376.11311019117 -3302.32155578003 122.452967462535 0
1410000 1.01655905430453 1642 -8310.0211049512 -3334.19845863255 112.832205373377 0
1415000 0.999981024822383 1624 -8245.56479543956 -3390.89474795573 113.664896936898 0
1420000 0.997584578814495 1622 -8319.36387484119 -3328.03564782337 108.930740786032 0
1425000 1.03430647488141 1623 -8327.08119494775 -3279.8704889274 139.268477522198 0
1430000 1.01703513769343 1614 -8249.71061575929 -3378.04848386615 118.431564406727 0
1435000 1.0086052198271 1621 -8278.38023879525 -3335.29373793285 112.234570456344 0
1440000 1.03154942038688 1627 -8384.62895637494 -3362.33722727898 137.089835588363 0
1445000 0.992391479396071 1644 -8452.33558768946 -3287.68401279971 110.97342000176 0
1450000 0.992167594192525 1628 -8493.96799132363 -3275.58349757034 130.061575609402 0
1455000 0.99574637504727 1637 -8383.24409815978 -3268.1370523868 108.484363181311 0
1460000 1.00618840291788 1663 -8349.42537187972 -3323.51752177576 127.214627344471 0
1465000 1.01303116181363 1642 -8453.86763117091 -3306.30088001732 102.573417819 0
1470000 0.989399968543939 1633 -8458.57071615059 -3288.09765454577 122.698143909021 0
1475000 0.969398142265936 1607 -8383.68276642473 -3305.73856129934 115.478635855152 0
1480000 0.981761314704815 1609 -8426.63736630265 -3262.07196650574 126.972423950375 0
1485000 0.99461002265486 1636 -8464.04492257041 -3316.79298489781 111.228908192124 0
1490000 0.986626499850777 1638 -8435.06049659567 -3314.8784456058 106.289598754471 0
1495000 1.01202403917033 1660 -8373.82219085756 -3322.42799092469 115.843215022505 0
1500000 1.0173851253406 1683 -8456.13500577504 -3291.95738305301 129.460114393689 0
1505000 1.02074700464529 1668 -8428.45229506782 -3327.52775436335 112.511156686331 0
1510000 0.978214419682852 1641 -8278.31375658195 -3319.30077781902 113.530740554607 0
1515000 1.01203873005387 1622 -8422.08631163942 -3275.69879690244 113.961234386605 0
1520000 0.972317578408813 1608 -8347.42862169924 -3317.31147283696 113.794250021744 0
1525000 0.978369190503762 1620 -8291.60115062854 -3349.43532184449 124.089084983428 0
1530000 0.975606576653832 1620 -8374.23477822674 -3333.60219358968 117.675748471831 0
1535000 0.995547356509878 1632 -8452.9971373633 -3292.74681686447 92.0690214625934 0
1540000 0.992339694567397 1637 -8456.39743023059 -3295.47914953798 111.289364880363 0
1545000 1.02057779247706 1626 -8343.18111837036 -3314.23343010062 96.2483260559313 0
1550000 1.0051452838069 1638 -8385.45766112579 -3308.70867473725 104.000769262919 0
1555000 1.00793563203538 1636 -8444.27981024152 -3276.70636027082 130.429348457869 0
1560000 0.985099048897679 1618 -8323.15304747219 -3300.6958194706 121.930774898811 0
1565000 1.01137570266177 1639 -8359.61674204831 -3319.3939501721 108.903643096545 0
1570000 1.02371162352396 1631 -8402.60795876821 -3325.42867865856 125.769133118925 0
1575000 1.01938380725933 1642 -8391.67712859421 -3296.39194603212 123.959333582318 0
1580000 1.04969397513424 1636 -8436.81237212923 -3256.8324077531 121.492693850575 0
1585000 1.00878879412285 1623 -8426.01518262954 -3269.19949024411 118.159684755804 0
1590000 0.985164370995488 1595 -8411.82590486611 -3290.4894872907 103.73905128155 0
1595000 1.00693918057607 1601 -8373.32427204732 -3283.23249069463 101.193044411302 0
1600000 1.04771373175637 1602 -8402.96989240551 -3275.38698728316 111.93145809858 0
1605000 1.0211710762641 1606 -8310.09379106309 -3331.85094192593 101.117856593359 0
1610000 0.985125411719076 1607 -8343.93486042034 -3295.15919978181 119.322998029618 0
1615000 1.00119253266049 1616 -8404.33770954356 -3310.86702399244 112.820332334884 0
1620000 1.01070032827124 1609 -8375.32898916335 -3316.45158016183 103.593365281497 0
1625000 1.03258983254383 1618 -8267.88611896295 -3378.86232327575 123.511754555508 0
1630000 1.00366892188896 1620 -8241.73071990576 -3387.64400031519 120.831233966304 0
1635000 1.01734706256345 1647 -8473.83525984832 -3303.73108712634 118.54838756009 0
1640000 0.989708658071194 1636 -8418.81746623979 -3320.68068163609 128.222336193331 0
1645000 1.02737823711928 1639 -8389.74569196791 -3351.39404196996 111.604255336736 0
1650000 1.0346952953612 1614 -8397.3692697213 -3295.13441850375 119.299173963196 0
1655000 1.00310177213106 1617 -8313.65021344309 -3354.69543294016 128.887843513622 0
1660000 1.01801523558807 1630 -8442.07051096345 -3268.78721403304 119.615467148991 0
1665000 1.00593252822603 1654 -8446.08188184044 -3248.49573446204 97.1189453533988 0
1670000 1.00785314702006 1651 -8487.81978684152 -3301.0481494686 120.494498250794 0
1675000 0.995844310714141 1656 -8458.46416515689 -3365.63183589836 130.01610451545 0
1680000 0.987787138018049 1644 -8473.62262133119 -3282.61245465831 106.611452658393 0
1685000 0.992301360261599 1671 -8430.49378020063 -3310.0904757906 96.3237020848597 0
1690000 0.990311160072729 1676 -8376.7575906709 -3287.84552955715 107.715047895802 0
1695000 1.02024763719472 1668 -8335.74989895486 -3324.64721314857 107.626470985528 0
1700000 1.00071283055987 1668 -8297.53580370053 -3293.72090601625 120.526554273886 0
1705000 0.991843535715036 1645 -8349.00434683051 -3322.74809836409 97.1106442127832 0
1710000 0.990004340401394 1652 -8344.21270717881 -3315.16301717755 104.799708767346 0
1715000 0.989975907958626 1649 -8354.63331253241 -3296.57379828978 116.460355837208 0
1720000 0.993544429733738 1651 -8296.75823073577 -3334.32343397482 136.688031054741 0
1725000 1.0230928536495 1651 -8434.90036911237 -3317.71028639378 113.656174628751 0
1730000 1.02560722289298 1641 -8397.26288070978 -3323.84749641908 120.513170342679 0
1735000 0.98486569221713 1624 -8396.35715514538 -3266.81008896945 120.915492700098 0
1740000 1.0356132964972 1627 -8467.95022931996 -3279.66207520701 126.527558658333 0
1745000 0.989039073643629 1630 -8383.38767169539 -3310.6129996261 124.57532250275 0
1750000 0.982063947489834 1641 -8376.40126429252 -3312.59404256852 127.796406262035 0
1755000 0.987464974270759 1651 -8323.10857680738 -3304.78962063418 116.13016563081 0
1760000 1.02901257061059 1636 -8286.44842539024 -3288.01479932404 107.652676619264 0
1765000 0.987836596999119 1644 -8375.5213429403 -3231.78645936044 115.500186331393 0
1770000 1.01975147274578 1650 -8395.52862127136 -3314.54980171789 103.948077977886 0
1775000 0.999086496815958 1667 -8378.81289352888 -3315.57247114601 117.884780474247 0
1780000 1.01027700819175 1659 -8381.9039251536 -3290.51114802074 126.146100731582 0
1785000 1.00560649560039 1650 -8318.81403067642 -3332.26776001411 112.324069038388 0
1790000 1.00558553371115 1658 -8420.98746764873 -3313.31557445458 111.984009343271 0
1795000 1.00913643042132 1665 -8525.00003683431 -3261.07833758826 105.553163461629 0
1800000 1.01925893148501 1639 -8527.54182569139 -3246.39849571649 123.750510846235 0
1805000 1.00794889382715 1640 -8499.70352151481 -3260.43720479063 127.84631237418 0
1810000 1.00660888683804 1622 -8548.75628314444 -3316.46186484071 104.215446873181 0
1815000 0.99967487109686 1614 -8495.57026883048 -3297.95837070375 97.5668055172397 0
1820000 0.979854532786249 1613 -8478.00017386068 -3340.1012535577 122.320411063949 0
1825000 1.01025500771761 1609 -8365.51948486153 -3339.46187537782 104.005844434777 0
1830000 1.0010235438378 1610 -8326.42911842645 -3376.76644033169 132.063140952771 0
1835000 1.00087315869023 1608 -8400.99039749553 -3323.27639379998 105.795692860452 0
1840000 1.03598775252423 1617 -8330.71724520083 -3321.94362754232 117.774930858717 0
1845000 1.00226472477565 1624 -8284.64697108095 -3345.88761358078 107.96680043102 0
1850000 1.03072476566397 1625 -8311.41911017693 -3326.26610738446 106.961817727371 0
1855000 1.02597366200701 1620 -8243.18456045787 -3380.56768879952 111.215959836359 0
1860000 1.02472524759319 1621 -8281.8376330218 -3337.17239781728 136.896713289944 0
1865000 1.02233434447989 1639 -8314.45520076878 -3327.14400541787 137.039688385064 0
1870000 1.03729934487288 1649 -8298.03022216493 -3333.94937384978 134.513383482507 0
1875000 1.00623747589841 1635 -8311.53276595386 -3288.45214868856 104.773960256413 0
1880000 1.05775082704581 1647 -8387.85513784037 -3290.28449158743 114.347522389239 0
1885000 1.05754208243858 1668 -8410.87440009814 -3257.76285535922 104.744828677839 0
1890000 1.02164998536724 1698 -8250.0850724277 -3275.56804851762 95.7153584639845 0
1895000 1.02157331657261 1677 -8249.67937618853 -3332.99860733465 127.992509307935 0
1900000 1.01237814682334 1667 -8412.90627091854 -3338.78407713692 139.645785714682 0
1905000 1.00810379175872 1669 -8418.30442540067 -3342.31317485658 127.65542658865 0
1910000 0.980064768818302 1694 -8346.06778688374 -3353.59156164995 105.519862693572 0
1915000 1.0433273537937 1672 -8450.66565134095 -3258.72546927803 97.373868577522 0
1920000 1.04316421419638 1658 -8450.55256275189 -3288.56939348989 100.462198478468 0
1925000 0.991973303948051 1636 -8394.2812495897 -3296.26205904209 141.977798534145 0
1930000 1.00602861487914 1638 -8429.40520743719 -3248.14436483571 109.86984343351 0
1935000 0.995158310771212 1657 -8463.78511764089 -3287.62900107956 109.437820092672 0
1940000 0.960831665973917 1625 -8351.91658188852 -3290.68931348169 116.25621295605 0
1945000 1.00463663590419 1646 -8421.48270765092 -3316.23061247879 119.206631518353 0
1950000 1.04224501140624 1649 -8474.96087084929 -3302.5253961956 126.847838120391 0
1955000 0.982251857830367 1644 -8405.08354739932 -3286.91335369083 121.701379878831 0
1960000 1.00806027479193 1654 -8520.35714082883 -3291.18417616684 128.347985508158 0
1965000 1.00243618109803 1624 -8625.15207239082 -3242.10285257494 112.856600326633 0
1970000 0.956587908643727 1630 -8627.34293578251 -3300.14000078279 118.284351657688 0
1975000 0.976048860835377 1624 -8623.40806602306 -3280.91752834398 112.698021480938 0
1980000 0.998959803495901 1636 -8622.7496193672 -3333.5021158978 109.664977913795 0
1985000 1.00249978481006 1632 -8615.16652954319 -3288.05752926884 109.573172666903 0
1990000 0.966886908757731 1611 -8409.95694553024 -3305.54514394017 104.338329423383 0
1995000 0.980326697711444 1619 -8490.58073915676 -3343.94595108962 136.99859313591 0
2000000 1.0324358351853 1647 -8527.50788029216 -3270.71469714182 104.949637362023 0
2005000 1.00055565613227 1651 -8322.08044984406 -3353.16188738884 110.73134235115 0
2010000 1.00672394412968 1643 -8381.49496469275 -3260.30303912118 96.7223646096901 0
2015000 0.999616154733826 1631 -8331.44724501113 -3342.80815009887 106.087655476303 0
2020000 0.997259445597193 1644 -8441.9832667777 -3309.07253955726 140.394490880231 0
2025000 0.98176361897989 1632 -8450.40166061053 -3297.36106274183 138.453813377511 0
2030000 0.988770416392217 1645 -8503.28357701541 -3279.10856785962 149.354467528065 0
2035000 1.02396214720939 1656 -8496.95627377399 -3302.51764101044 108.696603707626 0
2040000 1.01718998190672 1647 -8401.93963178098 -3327.87032685479 120.141610018913 0
2045000 1.04633695643298 1632 -8441.69489914798 -3324.35677184247 127.662685490276 0
2050000 1.04872208433449 1631 -8419.21850118457 -3296.09203175529 101.450288443377 0
2055000 1.01766307554047 1639 -8406.46585851055 -3292.41162528006 109.822693144714 0
2060000 1.02655939272855 1640 -8360.69429240205 -3312.6233392337 108.313940962068 0
2065000 1.0303974643135 1635 -8359.59541857344 -3353.99161287101 107.780379310109 0
2070000 1.02588130216791 1654 -8393.4874535813 -3312.64142413099 125.436444114577 0
2075000 1.00402171761761 1682 -8384.12778743186 -3282.50811171768 97.7649931378471 0
2080000 0.998233838031335 1672 -8311.16367615722 -3319.13861953341 133.37025333737 0
2085000 1.01925003292535 1697 -8407.70913948523 -3263.31687691411 112.473062164826 0
2090000 1.00946727392661 1720 -8396.67985331625 -3265.37883124709 105.122750368767 0
2095000 0.99118401780192 1713 -8318.39346133291 -3320.03182602001 93.1434532558402 0
2100000 0.965307431343224 1698 -8404.82613385663 -3336.44222860865 130.606846194813 0
2105000 1.00169722333201 1642 -8450.3084820388 -3315.43976364205 112.356738827603 0
2110000 1.01020893478832 1635 -8410.8566881478 -3329.01774094121 88.0872689007558 0
2115000 1.01578195420892 1621 -8364.63269948198 -3306.02849121492 99.0816639871139 0
2120000 0.9787862267764 1606 -8311.03183603219 -3285.1426453091 111.435103171786 0
2125000 1.01476917587128 1633 -8372.02301805912 -3335.3536563974 106.883713395094 0
2130000 1.01447969776884 1627 -8377.74457440925 -3300.33253476974 102.628526038635 0
2135000 0.995667081094961 1626 -8370.76218629496 -3314.43811926587 116.132312717074 0
2140000 0.960344540219598 1636 -8263.26142914532 -3296.31696520389 119.474806858442 0
2145000 0.998528856938433 1646 -8293.85694630736 -3335.0246487326 113.745991679936 0
2150000 1.06998803940452 1676 -8401.41342156039 -3338.94317920976 144.225986339474 0
2155000 1.01165782075328 1682 -8328.86896013616 -3321.46975544242 99.7176219389952 0
2160000 1.00135942359301 1674 -8314.63150973136 -3245.38239341998 123.194546324787 0
2165000 1.02283249032148 1656 -8389.92825219158 -3360.1647215727 115.007128388885 0
2170000 1.03927904441733 1659 -8347.77400784996 -3337.45968622308 132.043611791946 0
2175000 1.0567252343427 1665 -8407.60895562826 -3324.9026745527 143.634212078138 0
2180000 1.00306857256391 1651 -8388.10093623951 -3323.01596206611 135.294087736905 0
2185000 1.01306688450114 1650 -8410.30944681285 -3277.1704124814 99.788488071928 0
2190000 0.997646659068087 1614 -8386.68594978393 -3286.23685910597 130.538593793053 0
2195000 1.01066961193487 1605 -8372.89905594352 -3292.27440214372 114.361118552205 0
2200000 1.00119954572778 1604 -8294.85794127449 -3342.45618448141 121.283301698643 0
2205000 0.996222829840522 1621 -8237.80955287317 -3295.08127406986 110.599109532856 0
2210000 1.02914273742812 1609 -8210.65990172082 -3313.58110986729 114.959664650674 0
2215000 1.01188995814132 1580 -8292.65226437402 -3303.92439885743 130.339020830689 0
2220000 0.972440298973125 1557 -8150.16151165891 -3351.05898563289 112.744074747847 0
2225000 1.03064894171987 1575 -8252.52750505287 -3299.86058273888 106.92367905247 0
2230000 1.05009962211206 1565 -8251.19905044803 -3370.66627434475 107.50556490065 0
2235000 1.0136970095201 1585 -8225.57040104964 -3364.7339565818 142.12420581246 0
2240000 1.01938251039617 1594 -8190.832661121 -3389.48841901411 119.297980640105 0
2245000 0.99968106434466 1620 -8243.74062868593 -3281.55691311586 120.5297059006 0
2250000 1.02643854829972 1612 -8293.60764213459 -3344.68363795246 116.797091879639 0
2255000 0.977751365686323 1606 -8183.54458899318 -3353.37433774371 109.3056871718 0
2260000 0.98769850585125 1632 -8231.81181672246 -3323.3321354455 100.559962680431 0
2265000 1.01870624577848 1608 -8368.09351482884 -3252.24019987692 119.586893492581 0
2270000 1.01342682969614 1623 -8241.02997224782 -3310.95915143839 116.282380342409 0
2275000 1.01978672829174 1622 -8260.28032857666 -3309.75541255233 117.588181922636 0
2280000 1.03858010544441 1638 -8405.99507611098 -3319.95348206975 134.931920893165 0
2285000 1.05504415042226 1669 -8382.99317283931 -3293.83286449102 115.419075180101 0
2290000 0.991142193103799 1650 -8434.90304055141 -3325.31252270819 108.317040955657 0
2295000 0.994949770185276 1649 -8302.87225788481 -3332.08162439038 109.217552863969 0
2300000 0.970518868039924 1636 -8319.26252371905 -3330.01045340173 104.864454488659 0
2305000 0.992390258457887 1652 -8337.12041694036 -3318.20525201752 110.859766584714 0
2310000 1.01343157270853 1654 -8403.79130467941 -3308.4026995123 118.137481628322 0
2315000 0.997269613113541 1649 -8378.33165506586 -3312.81793222434 127.506004040454 0
2320000 1.02964670632414 1644 -8392.63965625196 -3323.11322295938 98.2260864299225 0
2325000 1.04934944776459 1629 -8540.08361684513 -3285.90546938839 107.603073470621 0
2330000 1.02153953657975 1645 -8517.54533411745 -3282.90586063019 133.215947735911 0
2335000 0.984695604321543 1650 -8522.98995658156 -3239.37217590989 109.448534120344 0
2340000 0.995294428265903 1665 -8462.25579986952 -3317.62472111583 121.743493900375 0
2345000 1.03054971585201 1680 -8529.12824771884 -3270.62203458457 108.322421858296 0
2350000 1.00511655481522 1687 -8396.44939477926 -3307.16980325591 122.518666424334 0
2355000 1.00536854083571 1673 -8344.33143162558 -3260.86558501342 114.727792699479 0
2360000 1.0461399974729 1680 -8458.9527645004 -3214.29185857551 119.489764556493 0
2365000 1.01909655844319 1695 -8412.33282246303 -3313.92405158584 117.210529978375 0
2370000 1.00135252807068 1693 -8481.21201546556 -3266.04700900281 118.880514085111 0
2375000 1.01130956695806 1687 -8446.65757433659 -3282.6590323082 113.236922882265 0
2380000 0.990348830417081 1682 -8423.31868344582 -3322.99105481761 128.434665729191 0
2385000 0.974089588575835 1694 -8506.44568613037 -3267.81116052561 101.833143370374 0
2390000 0.991081521456055 1680 -8523.55264637928 -3257.12824082826 127.491530020546 0
2395000 0.993670136837553 1692 -8444.61731463305 -3271.37221384841 134.613069264021 0
2400000 0.987937542199956 1689 -8388.50475761586 -3279.10800716441 125.533621521321 0
2405000 1.0135199630969 1701 -8404.87418644105 -3353.30570355312 115.791204304373 0
2410000 1.02642137609717 1686 -8383.0913943762 -3277.14489560849 109.069515828943 0
2415000 1.00786079412918 1670 -8456.62322690847 -3301.37212251504 104.938422198036 0
2420000 0.998830345206493 1659 -8469.54757894686 -3305.34769190416 129.717803181065 0
2425000 1.01572368225593 1615 -8398.39663515581 -3291.86416745398 121.801705849323 0
2430000 1.01361845564178 1636 -8442.65404677176 -3293.64726196728 121.634918578483 0
2435000 0.998896302723164 1635 -8474.58687629982 -3236.68773781225 103.549317127647 0
2440000 1.02685946131073 1634 -8530.18560051591 -3260.7324052445 95.4012267203845 0
2445000 1.00992069294371 1644 -8545.6871679658 -3238.17640983123 149.801087703318 0
2450000 1.01844558846619 1636 -8525.14976227597 -3273.54920567236 128.168905779099 0
2455000 0.999622492227472 1612 -8543.23002351815 -3290.88286947349 117.837804653749 0
2460000 0.962396869352241 1634 -8462.63579294949 -3327.40559736914 132.112597289715 0
2465000 1.01184255764041 1639 -8402.08352065066 -3321.42451655569 130.544895447684 0
2470000 0.975420219347709 1629 -8416.08025684111 -3350.48392987222 90.7101111634784 0
2475000 1.00879530396316 1604 -8524.3820716816 -3310.76792258045 108.108405851687 0
2480000 1.00456817698695 1609 -8522.16176681128 -3291.85530257528 97.1501973642828 0
2485000 0.969431204876381 1644 -8590.15486755142 -3276.41920499212 114.60327115305 0
2490000 1.00894857518419 1661 -8657.06576619048 -3264.38600334978 106.460760939494 0
2495000 0.994551273243156 1660 -8608.84422431448 -3299.55568712239 122.42406252653 0
2500000 0.989593036474346 1667 -8653.6904567875 -3274.5874983393 142.180112549945 0
2505000 0.979300211753828 1669 -8544.22591539848 -3279.56915894845 103.518315722208 0
2510000 1.00400843602567 1670 -8498.89269166896 -3311.88069009607 123.155854666403 0
2515000 1.02602735904453 1689 -8465.74963491691 -3287.35686169014 104.945617903116 0
2520000 1.03988523080631 1705 -8597.50411557075 -3179.18547693501 105.132845981424 0
2525000 1.01910865928125 1707 -8467.74893182548 -3319.06691168975 113.666981040244 0
2530000 1.03519436884 1697 -8417.32041127816 -3319.58898656232 111.153094458285 0
2535000 1.00609392057184 1690 -8387.89783917888 -3255.25249371972 125.684844659698 0
2540000 1.01175900290715 1664 -8471.42162692907 -3204.4498370234 132.904213648583 0
2545000 1.00570488047092 1687 -8471.82948369935 -3284.18919963286 115.609484490839 0
2550000 1.03474626483483 1701 -8411.69313122015 -3352.10549618428 122.790837480428 0
2555000 1.02517409899967 1695 -8532.3660567379 -3272.47578979914 105.488030038983 0
2560000 1.01109536625207 1683 -8624.65715914605 -3213.05605499564 122.204501697295 0
2565000 1.04213845068029 1670 -8643.90834973125 -3265.05074078475 101.369349128727 0
2570000 0.95973744209057 1635 -8591.64183568794 -3216.7456685543 120.400937972457 0
2575000 0.987002940101006 1661 -8584.98048873679 -3256.40051105344 117.64829517324 0
2580000 1.01030175648639 1654 -8640.49138662608 -3287.03681072287 109.820972555987 0
2585000 0.995116176611555 1624 -8573.62874058214 -3279.9729975014 129.628266802146 0
2590000 0.980436996457017 1643 -8574.85581588089 -3238.22172089645 114.260977160813 0
2595000 0.979866251730959 1634 -8566.96576004662 -3316.36295189165 131.619577308187 0
2600000 0.973480771981677 1644 -8400.37719076852 -3280.47534494172 124.660173223752 0
2605000 0.994320043774537 1606 -8542.97233812371 -3303.29196135996 114.689793760371 0
2610000 0.985841679846789 1604 -8500.40706455561 -3286.60577595967 100.84270775919 0
2615000 0.980361750096896 1631 -8549.10533739319 -3299.20492602109 109.144123449133 0
2620000 0.988939193006673 1661 -8509.84768935013 -3303.51692900542 115.57029958562 0
2625000 0.978425117290399 1661 -8463.46827805471 -3339.89009689117 135.862553256812 0
2630000 0.999765400533481 1664 -8495.35544776351 -3215.38823617928 109.619407829772 0
2635000 1.0140521327498 1652 -8447.50610620873 -3296.36637492368 128.468645040576 0
2640000 0.974885806306393 1643 -8527.37366148297 -3263.5476743481 123.964823094414 0
2645000 0.968987647038681 1618 -8444.48940413108 -3357.32932488695 88.2202898894799 0
2650000 0.963426797815135 1621 -8453.74569942862 -3294.1907553156 105.809848047765 0
2655000 0.997019962585251 1587 -8506.84404968336 -3337.73417149971 104.329250811507 0
2660000 0.996857140936987 1596 -8438.87077709034 -3338.04161505573 120.321181478688 0
2665000 1.00008970702834 1590 -8394.90358077949 -3362.20990893109 117.380393440404 0
2670000 1.00552125357244 1619 -8426.14743750363 -3347.1692826276 97.2022485984741 0
2675000 0.992316918493294 1607 -8457.41241634305 -3294.77547955084 121.262292554105 0
2680000 0.993614850745362 1630 -8392.96021008299 -3332.45083759417 108.195941173902 0
2685000 0.962941900830204 1589 -8339.55228484081 -3333.14488061521 94.8708525981399 0
2690000 0.971254910339412 1614 -8473.61404139133 -3340.90339406341 135.740441042179 0
2695000 0.984594934576592 1617 -8443.13673573334 -3308.62507999518 118.635437009793 0
2700000 0.963140231120229 1605 -8398.93453405723 -3293.75671643871 144.676820792931 0
2705000 1.01440342878304 1623 -8405.05157688795 -3318.79130870908 122.415567861161 0
2710000 0.972246728641988 1636 -8459.96927797079 -3308.34217774758 110.109064358332 0
2715000 0.97356019371268 1647 -8466.91403303401 -3322.65943758746 117.717016910401 0
2720000 0.980920193497903 1661 -8505.62303859656 -3287.38020030836 124.57269207645 0
2725000 0.969492922897675 1661 -8366.25912530731 -3361.44624939435 106.383079552139 0
2730000 0.974844547702966 1650 -8387.43047510442 -3308.5766702996 119.318038521491 0
2735000 0.978697245759909 1652 -8388.28550059682 -3283.52475819597 137.274112398129 0
2740000 0.98332536563369 1640 -8309.47079355908 -3369.03993181149 114.922082911357 0
2745000 1.0080422495937 1635 -8337.9840840232 -3301.70309377288 115.240520990735 0
2750000 1.01987372578272 1646 -8324.4437150346 -3353.81642409366 109.586070577116 0
2755000 1.02552521872317 1650 -8320.59603329226 -3324.62110896417 112.412209229348 0
2760000 1.0187449143697 1631 -8392.79441384835 -3312.80044988785 120.496892854949 0
2765000 1.03322032933545 1619 -8371.56386592653 -3333.63880103031 122.259827469243 0
2770000 1.0185872912913 1608 -8350.32198844102 -3325.05052303045 108.091675892851 0
2775000 0.997148066432439 1611 -8326.28662450356 -3340.46696225261 118.557914085386 0
2780000 0.998029381597769 1632 -8420.61647636276 -3294.69705652839 109.757016128416 0
2785000 0.994606152510107 1639 -8458.08752876694 -3316.15614562598 110.470549678248 0
2790000 1.01284149854775 1628 -8456.96357013248 -3345.58178812626 98.8032274071304 0
2795000 1.00189878760753 1623 -8369.41505728262 -3321.38612961145 104.573664284446 0
2800000 1.0076761269583 1617 -8333.90552185281 -3313.6425520228 92.4782337301922 0
2805000 1.03641762053975 1654 -8475.13749998672 -3309.24355979454 133.458875325826 0
2810000 0.998539114151265 1650 -8464.29065366388 -3302.5771182775 103.650798331326 0
2815000 0.998220616632502 1640 -8509.86580637166 -3296.84426102219 128.843316811259 0
2820000 0.990800529555814 1636 -8458.14034998898 -3282.60131054779 142.600914062018 0
2825000 1.00254396001477 1640 -8361.48707297122 -3263.03944109459 105.030260580864 0
2830000 1.0203655826282 1633 -8421.02959128962 -3358.94855319749 110.44727901053 0
2835000 1.01294078851171 1628 -8457.49629977212 -3330.74551991395 110.65329742025 0
2840000 1.02537172069831 1637 -8459.47117691891 -3287.69938669156 132.641909272914 0
2845000 1.04234719832703 1624 -8471.03462757509 -3327.41446926064 131.379534059667 0
2850000 1.01170965968251 1599 -8490.16385675838 -3255.97675171446 120.798842052679 0
2855000 1.02182030555302 1596 -8422.79199556762 -3322.37440217597 98.0781610063304 0
2860000 1.02907114920916 1624 -8422.80996614126 -3281.33252138062 107.5554993896 0
2865000 1.01169178799826 1590 -8369.92604476614 -3334.71796314718 104.005601007607 0
2870000 0.984391659603946 1575 -8349.59906083887 -3369.58742208432 102.961930952689 0
2875000 0.984527618390858 1582 -8292.29194935449 -3362.46595008215 129.690347491454 0
2880000 0.973002605569756 1579 -8354.19114462075 -3380.56419816122 148.512658037987 0
2885000 0.994406932234228 1582 -8302.65424249777 -3354.05138093016 116.179099443451 0
2890000 1.02741405095482 1592 -8396.33098569068 -3374.0126236139 111.689819454873 0
2895000 0.966826878581057 1571 -8291.50629087109 -3374.76610416761 88.6327574807303 0
2900000 0.98849143015383 1603 -8350.79823478994 -3323.85699526331 113.807498958539 0
2905000 1.01872017146247 1624 -8477.76113365189 -3245.09525067635 104.657556635111 0
2910000 1.04034055299577 1637 -8502.56263223424 -3315.92701612636 114.503222318281 0
2915000 1.03564003285393 1621 -8573.96223666166 -3274.24560760532 123.562041482051 0
2920000 0.98680240411053 1636 -8465.33138549844 -3301.87561787758 114.715480862813 0
2925000 1.03635064666361 1633 -8513.54039087566 -3282.26870193096 125.96751261978 0
2930000 1.03075829685324 1624 -8430.23538468917 -3327.49671572456 125.635244547505 0
2935000 1.04754565819595 1647 -8397.42484926813 -3303.90033198711 124.112843408673 0
2940000 1.05968295404217 1637 -8415.12682374136 -3264.06608967056 113.648518534407 0
2945000 1.00867041223033 1624 -8414.92448281714 -3278.97419136576 143.90160255481 0
2950000 1.02600250018979 1619 -8409.54039651492 -3318.3190106475 107.906582182845 0
2955000 1.01615280423624 1632 -8379.91292507871 -3358.63882824387 133.569233964329 0
2960000 1.00342206129721 1618 -8417.51345986423 -3278.18464108222 113.573077935041 0
2965000 1.0033761666567 1634 -8439.95607199672 -3309.02928039698 109.372577002626 0
2970000 1.03219837957011 1622 -8507.29034224413 -3293.22291259644 122.34962897094 0
2975000 1.01023254547935 1626 -8365.29515444188 -3344.54948237044 120.286584337558 0
2980000 1.02364370135967 1622 -8331.4185530257 -3358.67992619594 102.602368019105 0
2985000 1.00880423447216 1604 -8376.97879828004 -3278.98278335708 90.7900975614415 0
2990000 1.04809327015282 1605 -8456.98965051495 -3315.83133437602 106.202125944204 0
2995000 1.02317080335108 1620 -8430.98997209268 -3247.04190589199 123.326106250254 0
3000000 1.0008587528012 1655 -8461.59190503304 -3293.59684609712 121.974811212314 0
3005000 0.982023837784538 1641 -8435.77121041476 -3257.2119962084 111.303047752708 0
3010000 0.97298285158072 1619 -8469.03770736163 -3298.85222641419 105.612831127215 0
3015000 1.01266531455004 1638 -8509.45851730629 -3236.42150293722 98.5835458716159 0
3020000 1.01365959037308 1617 -8473.33556821683 -3332.33173154753 100.115971873864 0
3025000 1.01157351974144 1597 -8542.67453166338 -3314.66112737047 131.924031978439 0
3030000 1.03755712209776 1622 -8448.97672934109 -3295.14680901857 113.435318708037 0
3035000 1.008638553846 1633 -8522.08774313874 -3288.00046977399 121.247551879183 0
3040000 1.03717482019753 1642 -8585.68404857867 -3274.29589490066 135.56484677295 0
3045000 1.01303383613622 1643 -8455.21578784954 -3281.86583878003 108.796297700407 0
3050000 1.04153148560221 1633 -8487.65660337656 -3291.32637805308 103.986204229021 0
3055000 1.04375789595761 1647 -8383.49198066064 -3272.05573448816 126.525458098071 0
3060000 1.03683798827835 1650 -8374.88068937463 -3320.72214500366 113.081415977132 0
3065000 1.00881838151787 1603 -8343.28572243418 -3336.36528096255 103.321646531795 0
3070000 1.02097780750157 1595 -8385.54050213547 -3373.72065270356 112.807831843928 0
3075000 1.04099628047152 1608 -8540.34444515511 -3322.45732726132 109.247784653774 0
3080000 1.02714893871384 1587 -8515.61323475508 -3327.16406785014 113.93192981175 0
3085000 0.993590239832678 1588 -8426.02359098789 -3322.27587747042 116.33951216428 0
